A=[-7 5 -9; 2 -1 2; 1 -1 2];
B=[16 3 2 13;5 10 11 8;9 6 7 12 ;4 15 14 1];
C=[4 2 -3;7 -7 9;3 -5 6];
D=[6 3 2;2 12 -7;-1 6 2;-5 15 11];
e=3*A-5*C;
m=C*A;
v=C*D';
zeros(4,2)
zeros (4)
ones (6);